-0.0420014,
-0.0674446,
0.0980531,
0.107123,
-0.028645,
0.00654399,
0.188066,
0.164688,
-0.0194772,
0.121942,
-0.113967,
-0.0568659,
0.0773283,
-0.207029,
-0.0907233,
-0.0548799,
-0.173599,
-0.0776744,
0.129732,
-0.0533567,
-0.138168,
0.105743,
0.0423781,
-0.0497446,
0.0704554,
-0.105227,
-0.0139833,
-0.0763152,
-0.0905736,
0.0621672,
-0.0838096,
0.0305648,
-0.17992,
-0.204548,
-0.126157,
-0.0662626,
0.0536387,
-0.168467,
-0.0218141,
0.206897,
0.185702,
0.0571967,
-0.0322724,
0.103331,
0.100002,
0.141297,
0.178649,
0.154406,
-0.125214,
0.0529999,
-0.0926249,
-0.150365,
0.0178959,
0.119573,
0.0710483,
-0.0924824,
-0.178097,
-0.171673,
-0.0149385,
-0.0660555,
0.0868408,
0.0872696,
0.19248,
0.0553994,
0.180469,
-0.138438,
-0.15266,
-0.00855077,
-0.0927841,
0.0296323,
0.0704987,
-0.115116,
-0.158741,
0.231257,
0.136726,
0.223257,
0.0650884,
0.0777323,
0.170354,
0.165968,
-0.0266841,
-0.17173,
-0.186661,
0.210408,
-0.177064,
-0.0171258,
-0.0745563,
-0.18208,
0.0928995,
0.187809,
-0.0396822,
-0.0883797,
0.0687553,
-0.0591948,
-0.187556,
-0.00914633,
-0.00988426,
-0.132299,
-0.180889,
0.127264,
0.0947562,
0.0454238,
0.195225,
0.216846,
-0.0226747,
0.142313,
0.153861,
-0.154065,
-0.0670338,
0.0469136,
0.236148,
0.0969415,
0.169189,
0.231708,
0.112362,
0.153313,
0.0656034,
-0.273793,
0.14771,
-0.0670361,
0.0949036,
-0.0366354,
0.0769857,
-0.00500203,
0.0420982,
0.0908027,
0.204307,
-0.0717016,
0.163149,
-0.168515,
-0.191152,
0.0192569,
-0.0126093,
-0.160305,
-0.0691012,
0.195684,
0.057257,
-0.0609812,
-0.143242,
-0.175778,
0.165565,
-0.179095,
0.171307,
0.059398,
-0.140697,
0.0334297,
0.00535658,
0.0938992,
0.049478,
-0.00912186,
-0.168416,
-0.00134267,
0.07152,
0.0820252,
0.141711,
-0.0369008,
-0.0111831,
0.134501,
0.0725455,
-0.102141,
0.17832,
0.0743409,
0.132012,
-0.0436046,
0.088639,
-0.145992,
-0.0437498,
-0.00276001,
-0.0396399,
-0.00235238,
0.0369899,
-0.0753859,
0.058924,
-0.0305018,
0.21431,
0.114094,
-0.188863,
-0.0259069,
-0.0625914,
0.081573,
0.117201,
-0.00287645,
-0.150311,
0.0155057,
-0.0727638,
-0.197715,
0.185249,
0.0423217,
0.126905,
0.0889081,
0.195349,
0.0910213,
-0.0568973,
0.0917377,
-0.173762,
-0.131207,
-0.170347,
0.00117578,
0.0408663,
-0.00789278,
-0.152384,
-0.182958,
0.0833031,
0.0716093,
0.0135438,
0.0885541,
-0.027621,
-0.01639,
-0.0365529,
0.136903,
-0.17034,
-0.183851,
-0.0491573,
-0.0747244,
0.0716018,
0.0127889,
-0.0537017,
0.0513774,
-0.10294,
-0.12686,
-0.104766,
-0.0917894,
-0.212334,
0.0889579,
-0.191981,
-0.18554,
0.121349,
-0.125502,
0.0838843,
-0.0566341,
0.0659345,
0.139557,
-0.0312533,
0.0134102,
-0.0392464,
0.164155,
-0.103237,
0.101964,
-0.0646738,
-0.0475373,
0.0285954,
0.0100596,
0.0390344,
0.197749,
0.179911,
-0.116824,
0.023885,
-0.0726149,
0.15164,
0.0954545,
-0.0623225,
-0.132471,
-0.162023,
-0.0278454,
0.141961,
-0.116508,
0.0704946,
0.0315549,
-0.0483648,
-0.0772453,
0.183204,
-0.195609,
-0.114727,
-0.0794073,
-0.0333056,
0.00553819,
-0.136598,
0.0308443,
-0.110095,
0.0304701,
-0.148709,
0.181875,
-0.172348,
0.112704,
0.138842,
-0.193144,
0.189701,
-0.0564029,
-0.122956,
0.0684167,
-0.12406,
0.142306,
0.189565,
-0.101289,
-0.123634,
0.0734444,
0.0548717,
0.122781,
-0.0879245,
0.181498,
-0.0889681,
-0.143397,
0.166966,
-0.031467,
0.000263808,
-0.0386486,
0.149389,
0.0515497,
-0.148251,
-0.107888,
-0.110884,
-0.109266,
-0.159852,
-0.0617821,
0.125717,
0.205079,
-0.0503297,
0.143181,
-0.0971524,
0.0411796,
0.0371536,
0.017381,
-0.00267189,
0.0328845,
0.0832093,
0.11366,
-0.0932947,
-0.0745886,
0.0298737,
-0.00786244,
-0.135968,
0.171561,
0.0217944,
-0.166449,
-0.0869252,
-0.177746,
-0.0268398,
-0.07445,
0.098043,
0.0269125,
0.000506727,
0.155958,
0.100225,
0.0221779,
-0.122912,
0.0694516,
-0.0105717,
0.061092,
0.0136499,
0.109639,
-0.0763332,
-0.192318,
-0.158223,
0.208137,
0.0635653,
-0.183501,
0.0926756,
0.0872578,
-0.0783634,
-0.114295,
-0.11997,
0.014933,
-0.0974081,
0.167982,
0.0660802,
0.0248384,
-0.1924,
-0.172486,
0.159057,
0.0792282,
0.0631833,
-0.0810477,
0.0969203,
-0.0890291,
0.0867322,
0.194305,
0.162935,
-0.0412472,
0.0438458,
-0.0112338,
-0.14158,
0.222136,
-0.0210315,
-0.0502311,
0.153295,
0.206841,
-0.0674226,
0.0247825,
0.101144,
0.104517,
0.176546,
0.18024,
-0.155197,
-0.153133,
0.119844,
0.149494,
0.0738585,
0.150578,
0.150882,
0.0326216,
0.0844823,
0.0233733,
0.144757,
-0.0893311,
0.144479,
0.0428489,
-0.106708,
0.130931,
0.237344,
0.160279,
-0.106021,
-0.182836,
0.135137,
0.0860003,
-0.0411576,
0.0958366,
0.0748896,
0.141032,
-0.0708879,
-0.0631959,
0.00204016,
-0.196039,
-0.0673194,
0.0870263,
-0.094135,
-0.0969094,
0.0109742,
0.162127,
-0.172702,
-0.052998,
0.0225725,
0.132252,
0.163339,
-0.0842559,
-0.163112,
0.135175,
0.192287,
-0.0569408,
0.0829527,
0.20185,
-0.0963852,
0.177998,
-0.194262,
-0.148492,
-0.0258437,
-0.02904,
0.166836,
-0.130115,
-0.126535,
-0.142373,
-0.0252805,
0.129642,
-0.206745,
0.174823,
-0.0658016,
-0.0516763,
-0.107311,
0.19582,
-0.121862,
-0.166895,
-0.0404746,
0.125191,
0.126674,
-0.0710925,
-0.158274,
-0.215884,
-0.140501,
-0.15891,
-0.0678062,
0.123041,
-0.157522,
0.0395284,
0.048476,
-0.153043,
0.105135,
-0.178939,
0.0342022,
0.00914076,
-0.0618929,
0.13923,
0.076557,
0.0970128,
0.0336255,
0.153148,
0.0608445,
-0.287142,
-0.0372589,
0.0570267,
0.236467,
0.0629245,
0.138013,
-0.0563777,
-0.0118719,
0.105994,
0.0683746,
0.00289068,
0.110726,
0.125175,
0.0548449,
-0.12858,
0.0671335,
0.0479451,
0.0859223,
-0.158626,
0.127338,
0.00781787,
-0.0502383,
-0.0533754,
-0.154535,
0.0478508,
-0.059602,
0.157608,
-0.0849209,
0.142812,
0.0885374,
0.169936,
0.108107,
0.145489,
-0.00204609,
0.0959199,
0.0804664,
-0.0801899,
-0.177192,
0.154755,
-0.180488,
0.0845506,
-0.0413695,
0.10989,
0.029042,
0.202499,
0.201588,
-0.148723,
0.0597006,
0.072416,
-0.0134758,
-0.0420763,
-0.110188,
0.0561501,
0.152611,
-0.077926,
-0.120223,
-0.202874,
-0.127764,
-0.0160748,
0.104479,
0.120395,
-0.0715359,
0.0198827,
0.0747003,
0.121751,
-0.0831152,
-0.112254,
-0.131001,
-0.0294119,
-0.143138,
-0.0949236,
-0.125138,
-0.017253,
-0.18116,
0.139489,
-0.0577141,
-0.155369,
-0.169259,
-0.196355,
0.146768,
-0.0425157,
0.0181428,
-0.177984,
-0.143874,
-0.0414761,
-0.0818431,
-0.0626156,
-0.0185441,
0.0229665,
0.0668142,
-0.0836046,
-0.0647876,
-0.23861,
0.0738517,
-0.146784,
0.255751,
-0.192086,
-0.110819,
-0.249818,
0.154109,
-0.01354,
-0.130087,
0.122899,
0.254861,
0.0124537,
0.139818,
-0.0585244,
0.0512639,
0.0858015,
0.0217611,
-0.00374587,
-0.106052,
-0.213807,
-0.0163176,
-0.0374201,
-0.0279531,
0.174889,
0.0610477,
0.138389,
0.003434,
-0.0704516,
-0.15763,
0.123204,
-0.0307393,
0.165285,
0.173326,
-0.0335183,
-0.163368,
-0.120224,
0.00244392,
0.0853816,
0.0283234,
0.155525,
0.0374309,
-0.0134852,
-0.0598216,
-0.0549524,
0.175397,
-0.156108,
-0.162171,
-0.031196,
-0.00102122,
-0.0205277,
-0.0308366,
-0.213877,
0.0888697,
0.136129,
-0.189141,
-0.0578309,
0.0426713,
0.0170252,
0.106994,
0.0787988,
-0.049603,
-0.109537,
-0.00354525,
-0.101401,
0.00832349,
0.0367065,
0.00596041,
-0.178774,
-0.0489567,
-0.143124,
0.199907,
-0.202782,
0.0383021,
-0.0736066,
-0.0243626,
0.00670349,
-0.0151407,
-0.00396287,
0.172566,
0.137734,
0.192644,
-0.053984,
-0.168066,
0.053416,
-0.121069,
-0.157432,
0.183634,
0.126319,
0.0196337,
0.0864769,
0.0228732,
-0.175553,
0.16433,
-0.158888,
-0.0920799,
-0.020794,
0.114265,
0.0978557,
0.00117944,
-0.135511,
0.0748733,
0.00630285,
-0.124351,
-0.097131,
0.114876,
0.034412,
0.202276,
-0.167173,
-0.137911,
0.193977,
-0.171288,
0.209062,
-0.099925,
-0.101217,
0.023742,
-0.0221941,
-0.0215459,
-0.00702801,
-0.13741,
0.170957,
-0.102606,
0.0695028,
0.183801,
-0.126447,
0.133734,
-0.136995,
0.0460403,
0.0257713,
0.185375,
-0.164304,
0.145928,
0.132327,
0.0319358,
-0.202745,
-0.148986,
-0.0291104,
0.0611463,
-0.141598,
0.0514153,
0.0729458,
-0.244376,
0.065038,
0.0179763,
-0.103094,
0.225477,
-0.127481,
0.0319468,
0.0300805,
0.11631,
0.143819,
-0.0923082,
-0.190847,
0.00793762,
-0.107916,
-0.086259,
-0.108501,
-0.00520658,
0.101294,
0.167116,
-0.0241509,
0.196322,
0.122914,
-0.134102,
-0.0309317,
0.0985472,
-0.0694949,
0.118149,
-0.0953661,
0.00806001,
-0.0559029,
0.210392,
0.0337676,
-0.151233,
0.0230658,
0.123618,
-0.203977,
0.125035,
-0.0856119,
-0.0798246,
0.0687708,
-0.158031,
0.0579579,
0.120623,
0.0384734,
0.220988,
0.210236,
0.209873,
-0.00974189,
0.114076,
0.153141,
0.266537,
0.0862149,
-0.00805241,
-0.131729,
-0.152131,
-0.131458,
0.0913997,
0.150467,
-0.0181235,
-0.124853,
-0.1289,
-0.0263251,
0.0836763,
-0.0515778,
-0.161701,
0.0280869,
-0.05658,
0.15414,
0.137181,
0.0536801,
0.0114118,
0.158656,
-0.0367461,
-0.143128,
0.0389265,
-0.0562289,
-0.192067,
-0.0206554,
0.197361,
0.117043,
-0.0986472,
0.207566,
-0.112377,
0.170703,
-0.167988,
0.0197062,
-0.227994,
0.108334,
-0.0533484,
0.0436514,
0.169148,
-0.00947136,
0.219165,
0.0100857,
0.125711,
-0.226752,
-0.163846,
-0.183454,
0.127865,
0.157398,
0.12783,
0.0117302,
0.148186,
-0.11389,
0.0393363,
-0.0470046,
0.0132817,
0.0721348,
0.130344,
0.0284276,
-0.0524176,
-0.13204,
-0.0565483,
0.121247,
0.189317,
-0.0418443,
-0.117584,
0.183173,
-0.154623,
0.0109675,
-0.0114767,
-0.189022,
-0.134532,
-0.0492803,
0.10948,
0.159476,
0.00531009,
0.0399171,
-0.165978,
-0.0474222,
0.0022498,
0.152773,
0.215231,
-0.0474001,
-0.178207,
0.00525251,
0.178704,
0.127595,
-0.216442,
-0.0270963,
-0.210739,
-0.0114865,
0.108225,
-0.0379767,
-0.100049,
0.0669931,
0.181062,
0.0242816,
0.0314014,
-0.209525,
-0.20829,
-0.201636,
-0.170777,
-0.116381,
-0.0425312,
0.0778277,
-0.188277,
0.15813,
-0.0555971,
-0.130536,
-0.0632214,
0.120118,
-0.173149,
-0.144841,
-0.114987,
-0.112947,
0.0756606,
0.163541,
0.129571,
0.0968546,
0.0346673,
0.168353,
-0.123863,
-0.142895,
0.0137525,
-0.0414316,
0.165007,
-0.121059,
0.164745,
0.00855963,
-0.116715,
0.204955,
-0.00076874,
-0.0670003,
-0.167493,
0.185602,
-0.195609,
-0.134771,
0.193532,
-0.0406119,
-0.0529583,
-0.173949,
-0.057457,
-0.0465462,
-0.0553988,
-0.0224346,
0.0264424,
0.134576,
-0.0596607,
-0.0823334,
0.0071264,
0.198701,
-0.0882374,
0.0981708,
-0.159975,
0.117542,
-0.187961,
-0.129041,
-0.172474,
0.214499,
0.0864559,
-0.0906072,
0.223323,
-0.144801,
0.108621,
-0.168011,
-0.206346,
0.0810082,
-0.100231,
0.149868,
-0.182844,
0.0459192,
-0.241293,
-0.109384,
-0.193681,
-0.0975735,
0.0516666,
0.0396042,
-0.136896,
-0.117602,
0.195129,
0.0835401,
-0.222441,
-0.115006,
-0.0610345,
-0.111776,
-0.203824,
-0.0466767,
-0.0509932,
-0.151583,
-0.0413166,
-0.182965,
-0.0261823,
-0.0540885,
-0.096429,
-0.116236,
-0.0176538,
-0.101186,
0.143925,
0.022389,
-0.0768311,
0.149328,
-0.113656,
-0.0908066,
-0.152949,
-0.0382716,
0.0566623,
0.153445,
0.152483,
0.124878,
0.226624,
0.11794,
0.00834372,
-0.17966,
-0.147062,
0.163808,
-0.0863865,
-0.0757203,
-0.0474375,
0.0982898,
-0.0401991,
0.130724,
0.144714,
0.155339,
-0.139656,
-0.154814,
0.186362,
-0.0190402,
-0.0202273,
0.0875709,
-0.112971,
0.080237,
0.0944128,
0.00201258,
0.202774,
0.135324,
0.151765,
0.00645099,
0.118121,
0.133534,
-0.00945688,
0.0996959,
0.0284434,
0.072708,
0.135804,
0.102349,
0.116,
-0.158332,
-0.1881,
-0.169059,
0.136358,
-0.0426824,
0.139005,
0.130568,
-0.113955,
0.192495,
0.171294,
-0.149197,
0.0392056,
-0.137849,
-0.19116,
0.122318,
0.171248,
0.0297436,
-0.0910795,
0.136183,
0.0305499,
-0.198184,
-0.0106964,
-0.122948,
0.0894144,
0.0940877,
0.212279,
-0.0474654,
0.0426589,
0.0785262,
-0.0887372,
-0.102784,
0.14888,
-0.146298,
-0.0454245,
0.117454,
0.0672634,
-0.160405,
-0.0533212,
0.214476,
-0.136165,
-0.0441935,
-0.123934,
0.137691,
0.0730153,
-0.170462,
-0.0524178,
0.0546077,
0.139987,
0.0276522,
0.0154771,
-0.0240839,
0.0773956,
0.173587,
0.099043,
-0.0375657,
0.0930057,
0.022438,
0.182995,
-0.116452,
-0.0337143,
-0.18699,
0.00112672,
-0.122677,
-0.0451866,
0.178346,
0.147171,
-0.181584,
-0.13797,
-0.0668397,
-0.200417,
-0.128683,
0.0906232,
-0.153119,
0.118754,
-0.0283622,
-0.0738396,
-0.109782,
0.204968,
-0.186829,
0.0984313,
-0.0151584,
-0.00713861,
-0.00506153,
-0.0471573,
-0.126136,
0.151936,
-0.182902,
0.129054,
0.137904,
-0.0526597,
-0.115048,
0.158471,
0.178276,
-0.0155914,
-0.0603891,
0.127611,
-0.0691107,
-0.0544928,
0.171085,
0.0851006,
-0.0657573,
-0.124455,
-0.0263016,
0.00694515,
-0.136953,
0.0988558,
0.135483,
-0.079809,
0.0929896,
-0.163516,
-0.155069,
-0.077076,
0.0414907,
0.00189444,
0.0211676,
0.0952901,
-0.0843763,
0.0778297,
0.0409819,
-0.151733,
-0.183146,
0.18238,
-0.13386,
0.205238,
-0.0725642,
-0.0558065,
0.1351,
0.0356057,
0.121941,
0.0461228,
-0.100968,
-0.106798,
0.15995,
0.112382,
0.109841,
0.261813,
0.0166164,
0.0555284,
-0.149062,
-0.0866122,
0.0773077,
-0.0528986,
-0.0116322,
-0.0756492,
0.144756,
-0.0949933,
-0.167386,
-0.0834088,
0.17965,
0.134443,
-0.00334691,
0.216904,
0.0476084,
0.0516275,
0.215905,
0.221451,
0.223579,
0.113282,
0.0118927,
0.110621,
-0.00624189,
0.123152,
0.18103,
-0.00648391,
0.0898666,
0.0950517,
-0.0620788,
-0.165095,
-0.0575398,
0.0657225,
-0.0663416,
-0.181596,
0.172447,
0.122933,
-0.0740788,
0.104668,
-0.172466,
-0.00134455,
-0.222659,
0.195686,
-0.131609,
-0.00437241,
0.228842,
0.193604,
-0.15358,
0.205109,
0.171085,
-0.189337,
0.0678878,
-0.0626228,
0.109145,
-0.0823494,
-0.137822,
0.133127,
0.106493,
