-0.257946
-0.160855
0.064249
-0.0216861
0.00928636
-0.345134
-0.37599
-0.165695
-0.166495
0.0252183
-0.100825
0.0184719
0.059209
-0.220953
-0.196193
0.218139
0.206037
-0.0919753
0.0823264
-0.0711338
0.113635
0.110523
0.102847
0.322782
0.371036
-0.0442177
-0.252639
-0.151754
-0.166204
-0.259721
0.177324
0.0678906
-0.147412
-0.0589179
-0.0256884
0.0955927
0.22607
0.293556
0.526655
-0.0457664
-0.104127
0.285129
0.207011
0.327878
0.140035
-0.337708
-0.0076239
0.220533
0.089182
-0.0343849
0.0955848
0.0513954
0.0147355
0.00752813
0.05678
-0.0623042
0.157485
0.313014
0.296208
-0.126128
0.21817
0.0856997
0.0439194
0.0138122
0.110077
-0.130396
-0.200398
-0.166918
0.125243
-0.0766794
-0.235138
-0.120349
-0.153882
0.0231903
0.116821
-0.0695296
0.047419
-0.158804
0.0697175
0.072573
-0.100749
-0.259498
-0.0160748
0.283238
0.308598
-0.0982029
0.138837
0.32192
0.410518
0.416571
-0.0985753
0.0283916
0.0247742
0.0914906
0.0543494
-0.0129574
-0.118258
0.00863453
-0.201977
-0.319119
0.272413
0.202892
-0.0101247
-0.081483
-0.0600811
0.269309
0.243071
-0.131772
0.0315327
-0.026479
0.234662
0.0686252
0.0415091
0.0766769
0.0399566
0.123351
-0.207823
-0.151609
-0.0322807
-0.118407
-0.149322
-0.096659
-0.315645
-0.257352
-0.358888
0.152724
0.240847
-0.13167
-0.280694
-0.243003
0.124071
-0.101397
-0.133803
0.0170258
-0.0724522
-0.137136
-0.168271
-0.00571644
0.251279
0.315834
0.012466
0.165024
0.311029
0.20944
0.402603
-0.00449616
-0.166127
0.206035
0.0641865
-0.0115973
