-0.119963
-0.0398546
0.00462878
0.102972
0.0129882
-0.0833166
-0.103874
-0.0912911
-0.0392364
0.0869083
-0.0456257
-0.109801
0.00527229
-0.0340194
-0.105303
0.0499761
-0.130437
-0.0608324
-0.0943149
-0.0661029
-0.0630431
-0.0352991
0.191553
0.0330237
-0.0350893
-0.00996417
0.0645364
0.0901738
0.0316778
-0.0594827
0.0375156
0.085421
-0.0521971
0.0753812
-0.0060031
0.00124414
0.0209716
0.0663364
0.053444
-0.00788677
0.0942876
0.0277282
-0.0126735
0.0678271
0.0394768
0.0422396
0.101761
0.0949242
0.0733778
-0.0440104
0.00781798
0.0030153
-0.08284
-0.0179589
0.0160256
0.078662
-0.0125255
0.0479927
0.0771367
0.0450462
0.0628184
0.0431439
0.0504928
-0.100458
0.0806393
0.0052197
-0.00766163
-0.090828
0.0445825
-0.0023097
0.035027
0.0380288
-0.062761
0.087032
0.0764304
0.0814722
0.0091805
-0.0753697
-0.0103721
0.102224
-0.0594234
-0.0112753
-0.0384922
0.00306226
0.0796936
-0.0125909
-0.00678239
0.0640571
-0.0281676
-0.0602617
0.104262
-0.0723597
0.0272581
0.0243048
-0.104322
-0.104263
0.0571014
0.0474887
-0.0377726
-0.017187
0.0425677
-0.0406865
-0.0874691
0.0421622
0.0481839
-0.0264974
-0.203208
-0.216405
-0.00744718
0.0118171
-0.0857044
-0.190077
-0.148154
-0.0415081
0.0756157
0.0776079
0.0276486
-0.0355643
0.00356613
-0.0498728
-0.0302597
-0.0300494
-0.165427
-0.132616
-0.137824
-0.0994204
-0.0531805
0.120821
-0.0270531
0.142528
-0.134446
8.93346e-05
0.0210769
-0.0899755
0.0202995
-0.153204
0.0111007
-0.0998264
-0.113104
-0.10724
-0.0268559
0.0540985
0.026626
0.000184907
0.0495623
0.015109
0.00771224
0.0477711
-0.0207697
0.0614826
-0.013312
-0.0424729
-0.0349338
-0.168146
-0.059564
0.00745346
-0.00532687
-0.0215092
-0.0888183
0.0450976
-0.101123
-0.0931708
-0.0203685
0.0342458
0.0969536
-0.107838
-0.0886923
-0.162135
-0.168831
-0.0626771
-0.0380271
-0.0233574
-0.0532037
-0.0134894
0.0104861
-0.0271088
-0.0223479
-0.0110993
-0.00503511
-0.0234313
-0.0461042
-0.0880979
-0.02721
-0.051404
0.0358845
0.0368147
0.00291121
0.0477547
0.0461169
0.0929058
-0.00821006
0.0919471
-0.0372749
-0.00826503
0.00358154
0.0337061
-0.0205064
0.0220674
0.101627
-0.0730303
0.0355324
-0.0326254
0.00871297
0.00476438
0.0687757
-0.101324
-0.047166
0.0298673
0.00963762
0.0872855
-0.0487529
0.0981979
-0.0529057
0.0718541
0.0405302
-0.00924319
0.0662403
-0.0998335
-0.0708672
0.0432304
0.0434135
-0.0132358
0.0172172
0.0525805
0.102678
-0.0550304
-0.0987549
-0.00700482
-0.101794
-0.107861
-0.0380616
-0.0585344
-0.100409
0.0164048
0.0139986
0.0190324
-0.00736937
-0.0783847
0.0526038
-0.0237844
-0.100902
0.00563385
-0.00288315
-0.0861246
-0.0764592
-0.00845123
-0.00272054
0.00710265
-0.00659739
0.0220917
0.0783572
-0.0303551
0.0831541
0.0105414
-0.0512537
-0.0235421
-0.00214965
0.0230996
-0.0826707
-0.171757
-0.114924
-0.0923542
-0.0821409
-0.208422
-0.117679
-0.0262566
-0.103487
-0.159691
-0.0974666
-0.0271742
-0.0998154
-0.0165318
-0.0386895
-0.0114891
0.0268645
-0.0599127
-0.166596
0.0120286
-0.0428803
-0.20525
-0.0316725
-0.202178
-0.0814217
-0.0846498
-0.104128
0.0339597
0.078373
0.0514204
-0.182909
-0.215146
0.0930113
-0.0121104
0.0107223
-0.0617512
-0.0554713
-0.0800515
0.00225359
0.0338259
-0.0638697
0.062442
0.0863156
-0.0802756
-0.0182325
-0.0767715
-0.0461374
0.0101401
-0.170372
-0.0354317
-0.0589921
-0.0759303
-0.0812476
-0.148396
-0.185729
-0.103228
-0.0855592
-0.0687965
-0.197609
-0.0530613
0.0996967
0.0376712
-0.214742
-0.112344
-0.020365
0.0846817
-0.0991011
0.0988788
-0.098256
-0.0876614
-0.00120226
0.0562836
0.090666
-0.0521909
-0.0293165
0.0562161
-9.33101e-06
0.052067
0.0359095
0.0379487
0.0536375
-0.0968496
-0.0562817
-0.0581418
0.0130771
0.0318817
0.0243591
-0.0268499
-0.0574872
-0.05563
0.0319631
-0.0697855
0.0460528
-0.0369248
-0.0817941
-0.00745085
-0.0863362
0.0417758
-0.0576356
-0.0538267
0.00967879
-0.113223
0.0864244
0.0408568
0.0879975
-0.0655533
-0.037112
-0.134303
0.0121141
-0.0147281
-0.0533641
0.022272
-0.0851574
-0.0304311
-0.0550945
0.0206015
-0.00250592
-0.0867218
0.0204758
0.0992999
0.12591
-0.0494109
-0.142653
-0.119738
-0.0045978
-0.11008
-0.0385316
-0.0946023
0.163417
0.0645211
0.0331901
-0.0387635
0.0600802
0.0472383
0.17548
0.052834
0.00635141
0.105717
0.0548363
0.152793
-0.00477649
0.0237156
-0.0831833
-0.041359
-0.0357412
-0.0582995
-0.0864107
-0.0577252
-0.0409446
0.00981116
-0.0112913
-0.0975373
0.0194032
-0.0388253
0.0802897
0.189294
-0.134624
0.0219188
-0.0794595
-0.0808492
-0.0748787
0.00775647
0.00400485
0.13402
0.042298
-0.147724
-0.0584673
0.0455877
-0.0837362
-0.086458
0.0186541
-0.110287
0.136497
0.135718
0.0447854
0.100491
-0.0612487
-0.0927514
-0.0124364
0.14068
0.143551
0.0843923
-0.0741301
-0.0724437
0.0438124
0.161164
0.0445692
-0.132417
-0.202411
-0.109006
-0.0777454
-0.0381285
0.0896465
-0.0583824
-0.0617148
-0.0858566
0.0417141
0.0431284
-0.00112157
-0.0497628
0.0441958
-0.0254085
-0.0625333
-0.0558564
-0.0133491
-0.00637156
0.0754496
0.0996918
-0.0115896
-0.0972934
0.00496575
-0.0978375
0.0528863
0.0191322
0.0674497
-0.0355998
-0.0559671
0.00763051
-0.0144933
-0.0201413
0.101799
0.0975342
0.0732235
0.0767712
-0.0393544
-0.0734488
0.103945
0.0291455
-0.00666897
0.090224
0.0398511
0.0658863
0.0086763
0.0152088
-0.0711874
0.0930097
0.0671244
-0.0719817
-0.0958664
-0.0326681
-0.0814643
-0.0842804
0.00392161
-0.0997663
0.0128435
0.074549
0.00353199
0.036457
0.0495442
0.041457
-0.0996839
-0.0643425
0.0357189
-0.0321963
-0.090599
-0.0750531
0.0879686
-0.0581441
-0.0250432
0.0179681
-0.0694961
-0.0989444
0.039925
0.0548019
0.0446395
-0.0882941
0.0187606
0.156622
0.122903
0.0444909
0.0773661
0.0884667
0.132012
0.127198
0.0803257
0.107895
0.107912
-0.11907
0.0508484
0.0291427
-0.0675284
-0.0129431
-0.068788
-0.151509
-0.255505
-0.0892105
0.0538862
-0.0415059
-0.0735061
0.0275332
0.0487908
0.0421708
-0.15864
-0.0982561
-0.0962712
-0.262673
-0.1992
-0.039186
-0.137399
-0.205938
-0.196099
-0.16974
0.11887
0.136657
0.11602
0.100462
0.131233
0.0734024
0.0465898
0.0924194
0.167508
0.173545
-0.0824178
-0.00884101
0.0872694
0.191324
0.159849
-0.11531
-0.0150972
-0.0555292
0.0233184
0.041581
-0.0562622
-0.0869926
0.0702145
0.0808146
0.105223
0.096866
0.104196
0.150387
0.00835664
-0.107615
0.00819061
0.080553
-0.0496128
-0.0376794
-0.0916959
-0.015096
-0.0999824
0.00599808
-0.11605
0.00543233
0.00142464
-0.0787632
-0.0174477
0.0422949
-0.0132666
-0.0819407
0.0556021
-0.0835853
-0.0122693
-0.0324669
-0.0423919
0.0538153
-0.0337342
-0.0353534
-0.0928308
0.0152874
-0.00307365
-0.0621495
-0.0805336
0.099088
0.0761644
-0.00170441
-0.0277003
0.0636941
-0.0705633
-0.0711115
-0.0923887
-0.073269
-0.0066634
-0.0249401
0.0801533
-0.015848
-0.0183308
0.0316044
-0.0400391
-0.0918832
0.0656795
0.0830678
0.087629
0.0838117
0.0564109
-0.0687684
0.0151326
-0.0978866
0.0633506
0.00464049
0.0755403
-0.0465418
0.0771848
0.0181449
-0.079486
0.0752226
0.123197
0.168
-0.0779043
0.0373823
0.0938622
0.114952
-0.108221
-0.251582
0.126537
0.0629007
-0.111557
-0.277569
-0.0822483
0.151855
-0.0966617
-0.329381
-0.134557
0.108636
-0.130068
-0.0186141
-0.06728
0.00714487
0.0847857
-0.0174533
-0.0522679
0.109712
0.207327
0.09977
-0.235003
-0.166312
-0.0453211
-0.059403
-0.117364
-0.164555
-0.11031
-0.0563778
0.0215229
-0.142762
0.0949599
0.153414
0.150075
0.0742986
-0.043435
0.16412
0.20101
0.123238
-0.0242277
-0.110352
0.0634607
0.130364
0.131884
0.0581062
0.157763
0.0314436
-0.130617
-0.169459
-0.142727
-0.0942455
0.0549108
-0.0624386
-0.157091
-0.0424503
-0.0384592
-0.0652416
-0.206016
-0.117633
-0.00961028
0.0486457
-0.116828
-0.0947581
-0.00267998
0.08358
0.0641747
0.0807272
-0.0487183
-0.0530728
0.160028
0.231843
0.0630945
-0.0423203
0.0970988
0.142545
0.117587
0.000818009
-0.0866859
0.0410559
0.0681413
-0.0105001
0.0571008
0.0345433
-0.0412106
-0.0586633
-0.0543408
-0.0736836
-0.0755283
-0.153077
-0.0935212
-0.0756288
0.0740245
-0.0387081
-0.0743362
0.0213592
-0.103279
0.0879084
-0.0246588
0.00345331
-0.0324922
-0.0492709
-0.0436587
0.0696968
-0.0784622
0.0281211
-0.094274
-0.00876393
-0.0257322
-0.0718858
0.0534465
0.0346707
-0.102038
0.0615986
0.0127246
-0.0441486
-0.0176389
-0.0248016
0.0447569
0.079881
0.0983052
-0.0339338
-0.0291141
-0.0336531
-0.120213
-0.119704
-0.0896087
0.10256
0.0660662
-0.0954633
-0.065596
-0.102811
-0.082661
-0.00307599
0.198041
0.0875621
-0.0158086
0.0365172
0.0629177
0.0608724
-0.051183
-0.116635
-0.0106348
0.0463493
0.034137
0.054244
-0.105918
-0.109204
0.0347845
0.0960345
0.00777084
-0.01062
0.0762731
-0.0755687
0.200768
-0.0387731
0.012593
0.0134999
-0.0952803
0.0729535
0.0562551
0.0481623
0.137157
-0.00283597
-0.032059
0.0344754
-0.0132378
0.0627178
0.0108722
-0.0909635
-0.0241183
-0.0162137
0.215692
0.0484572
0.125812
-0.0870221
-0.0154796
0.247028
0.282089
0.0817045
0.00679531
0.0182779
0.0617414
0.114362
0.176617
0.0595324
0.10084
-0.0409988
-0.0971556
0.0810243
0.167617
0.0205251
-0.0401499
0.0730654
0.0531925
0.0187956
0.0439107
0.0625343
-0.0123782
0.0748988
0.0371364
-0.0567998
-0.0828697
0.117006
0.0755347
-4.40252e-05
0.00498438
-0.0230838
0.0381148
0.120769
0.0387161
0.0668503
0.063508
-0.0916931
0.0233604
-0.038825
0.0124859
-0.0675936
-0.08527
0.0829817
0.102863
0.0196692
-0.0975524
0.0398843
-0.00267136
0.0144846
0.0826641
-0.0136819
0.039396
-0.0620082
-0.00381851
-0.0475351
0.0934003
-0.0534139
0.0946834
-0.00481463
-0.0778989
0.0963909
0.0746074
-0.0590312
-0.102983
0.059007
-0.0939198
0.0961023
0.0295321
0.0153328
-0.0758087
-0.0774904
0.0678123
0.000387235
0.0325639
0.00105679
0.00552614
-0.0797142
0.0841957
0.035283
-0.0464608
-0.023666
-0.0226663
0.0691639
-0.0536853
-0.0786599
0.0476917
0.0309319
-0.0624138
0.0728401
-0.0997347
-0.0823953
-0.0651791
-0.029043
0.0584187
0.0457903
0.0347523
0.0169139
-0.031089
-0.0716181
-0.0434308
-0.0691208
-0.0577179
0.0357942
-0.0198939
0.0807394
0.0165782
-0.0330369
-0.01311
0.0417032
0.0698294
0.0609931
0.0729179
-0.0454928
-0.0491606
-0.0689429
-0.120104
-0.113918
0.0776731
0.0372156
-0.0807498
-0.0995755
-0.0585031
-0.0110301
-0.07007
-0.0676312
-0.0393141
0.0516695
-0.0798679
-0.0396823
0.000868207
0.124382
0.0928666
0.0925263
0.0593878
0.0669065
-0.0376512
0.0691804
0.0789721
0.0396252
0.0748519
-0.0416423
0.0475693
-0.0753081
-0.0796405
0.0100057
0.0197123
-0.104348
-0.0237923
-0.140907
0.103533
-0.0356577
-0.0631201
0.0248244
0.0172143
-0.00844553
-0.0598712
0.120301
0.0922588
0.00859905
0.0362091
0.109642
0.0774061
-0.130601
-0.0401315
0.0853446
-0.0930071
-0.0618479
-0.0930988
-0.0122234
0.0760773
0.116582
0.0195376
0.027079
0.0508222
0.054159
0.00244258
-0.0134735
-0.093595
0.0703516
0.0547366
0.0646594
-0.0512555
-0.036489
-0.0960939
0.0234224
0.122869
0.0709218
0.010605
-0.159237
-0.0158159
-0.0766025
-0.0497453
-0.0781196
-0.0620794
0.0523329
-0.0896256
-0.00858264
0.0967684
-0.0554244
-0.0631864
0.0384251
-0.087458
0.0739976
-0.0725773
-0.0793425
0.0645739
0.0927888
-0.0949377
-0.0918582
0.0688767
-0.0749552
0.0629119
-0.0569258
-0.0210534
0.020721
0.0324216
-0.0932234
0.101598
0.0652384
-0.0180526
-0.0977958
-0.081876
0.0991129
0.0766887
0.0357374
0.0698474
-0.0546846
0.045317
0.0187394
-0.0579595
-0.0568686
-0.104118
-0.0109013
-0.0188493
0.0904519
-0.0997545
0.00281983
-0.025798
0.0750993
0.0613879
-0.000909481
-0.0179246
0.0742531
0.0466592
-0.0012424
-0.0656625
-0.0893122
0.0545381
-0.0481786
0.0540575
-0.0233837
-0.0888723
-0.176388
-0.0793347
-0.0767244
0.055597
-0.0411009
-0.0274386
0.101594
-0.0302452
0.0172737
-0.0441817
0.0520885
0.0946592
0.0595943
0.0685017
0.0982422
0.0654421
0.0622235
0.070981
-0.010712
0.0296827
0.0405098
0.06596
-0.00664086
-0.0639978
-0.0205645
0.0899603
-0.00684986
-0.0253921
0.00367558
-0.0568699
0.0834042
0.10149
-0.0758295
-0.00867305
0.0395089
-0.0461622
-0.0189512
0.0501201
-0.0499511
-0.0531139
-0.0884776
0.112811
0.030738
0.0428061
-0.000699362
0.0734851
0.0752237
0.0435957
0.0308934
0.0488314
-0.129227
0.0124806
-0.0322416
-0.00185604
-0.000751905
0.0313856
0.00535797
0.0402885
-0.121168
-0.0955463
-0.0869995
-0.00604547
-0.147072
-0.0346824
-0.0421328
-0.0728809
0.0818197
0.1281
0.0834164
0.0616222
-0.0133001
0.0242191
-0.0181071
-0.0420266
-0.069555
-0.0953966
-0.0196154
0.110512
0.078397
0.209118
0.201517
0.231238
0.140626
0.000279488
-0.111461
-0.161187
-0.051934
-0.0953051
-0.0294525
-0.0725978
-0.00803284
-0.0862032
0.0956779
0.0299442
-0.0577584
-0.0348424
0.0951776
0.0379301
-0.0191291
0.0790199
0.031567
-0.0450082
0.0178482
0.110213
0.0582744
-0.098395
-0.0836411
0.0673249
-0.132423
-0.142364
-0.0605006
0.0624413
-9.86963e-06
0.0142961
0.0481233
-0.0263262
-0.0280661
-0.0258449
-0.0863552
0.0173622
-0.0170946
-0.0812999
-0.0365015
0.0386797
0.0133657
0.0776813
0.00665538
0.0991278
-0.0918626
-0.00515043
-0.0814407
0.102813
0.0103433
0.041508
-0.0778676
-0.00522563
-0.0920494
-0.0114667
-0.0503868
-0.10772
-0.0500168
-0.0473553
-0.048203
-0.0498156
0.0719148
-0.0215336
0.0558985
0.0215554
0.0967685
0.109636
-0.02371
-0.0614236
-0.0700176
0.00603889
0.0820021
0.106589
-0.02453
0.122351
0.0466583
0.0427978
0.0107766
0.0302253
0.0453101
0.112926
-0.0848691
-0.0728841
-0.00206298
0.0951964
0.0557342
-0.0374836
-0.0204992
-0.0829993
-0.124278
0.0819003
0.0975285
-0.07826
-0.135114
-0.114703
-0.050554
-0.0937539
-0.00943198
0.0365986
0.117228
-0.072501
-0.049962
-0.0508987
-0.0659507
0.0808812
0.0572286
-0.0129881
-0.0615639
-0.0286845
0.159344
0.0634145
-0.110597
-0.0203516
-0.044235
0.0774123
-0.0436158
-0.140104
-0.0159366
0.0839919
0.0462957
-0.107649
-0.194703
0.0516619
0.0637655
0.117508
-0.0508105
-0.0699822
0.0785489
0.0696216
0.101644
0.0173514
0.0102162
-0.0059006
0.0529203
-0.0350288
-0.0684212
0.00270802
-0.0249781
0.0685514
0.097561
-0.103449
-0.0414884
-0.00949086
0.081563
0.0717616
-0.0521489
0.0488624
0.070931
-0.0160929
0.0435498
-0.0196623
0.00549391
0.00533937
-0.0853259
-0.0201189
0.0589351
-0.049134
-0.040137
-0.065808
0.0536075
0.0252077
0.0303618
-0.0360731
-0.0722285
-0.0659361
-0.00935858
0.00693115
-0.0705165
0.0889404
-0.0189972
-0.0979318
-0.0695018
0.0135909
0.101403
-0.0751474
-0.0347661
-0.0398738
-0.0304302
-0.0704246
-0.0371516
-0.0421809
0.031402
-0.0387674
-0.0758016
0.00330791
-0.12254
-0.0839482
-0.0910234
-0.095493
-0.212784
-0.00760948
-0.0278822
-0.071105
-0.0883805
0.00294567
0.0103111
0.0430391
0.132775
0.063727
-0.0524172
0.0358098
-0.0333661
-0.0279435
0.162765
0.0723531
-0.118366
-0.075516
-0.0713478
-0.0222744
0.0353429
-0.092128
-0.0330081
0.0919405
0.167824
0.143331
-0.00971825
0.179915
0.247807
0.176257
0.0343422
0.0290513
0.195312
0.0339011
-0.0417535
-0.0798249
-0.0486459
0.0325689
-0.0563575
-0.0712222
-0.0435385
0.017221
-0.0403249
0.00490813
0.0685568
0.0918106
0.0749703
0.111106
-0.00919052
0.00928487
0.180132
0.101952
0.102305
-0.186049
-0.102625
0.239921
0.132538
0.070505
-0.220521
0.0563006
0.0275324
0.240886
-0.012556
-0.0985085
-0.0210018
0.0986741
0.00608802
0.0265935
0.0784863
0.197539
0.179404
-0.103378
0.0193829
-0.145849
0.379405
0.058054
-0.135682
-0.0914821
0.0626037
0.415979
0.013882
0.014915
0.0688386
0.222017
0.0701591
-0.0423259
0.0448414
0.103307
-0.0511702
-0.0815809
-0.0870472
-0.0605656
0.0101031
-0.026576
-0.0494758
0.0640679
-0.0551825
0.0331957
-0.0343409
0.00462298
-0.00984239
0.0223245
0.0349069
-0.0998998
0.0666797
-0.025628
0.00873095
0.0981171
0.051447
0.0612655
0.0540404
-0.00977031
-0.0194793
-0.0534295
0.0422548
-0.0597812
0.0336688
-0.0194168
-0.0467099
-0.0327652
-0.041473
0.0393557
0.0948984
0.0581103
0.0840385
-0.0999228
0.0990655
-0.0932182
-0.0188092
-0.070282
0.0618403
-0.102028
0.0213084
0.0880418
-0.0814836
0.0094034
-0.0891894
0.011806
-0.024361
-0.00387918
-0.0227834
0.0512463
0.105096
0.202537
0.148598
0.136585
-0.133999
-0.0940111
-0.105265
0.0443542
0.0665818
-0.148164
-0.20326
-0.24062
-0.206558
-0.126753
0.0294956
-0.0985972
-0.184165
-0.104341
-0.210637
-0.0822127
-0.129572
0.031666
0.0800117
-0.086872
-0.00140903
-0.0767025
-0.0592744
-0.0128906
-0.0306809
0.103153
0.0819173
-0.0313465
-0.0127111
0.0630083
0.100722
-0.0415241
0.0160091
0.010846
-0.0745238
0.00136718
-3.44326e-05
0.0479705
-0.0871925
-0.0591037
-0.0683233
-0.023977
-0.0261907
-0.0492228
-0.0700451
0.131431
-0.0499255
0.0351025
0.03562
0.0329558
-0.00480504
-0.11086
-0.0993714
-0.0517158
0.0764642
-0.130064
-0.0805563
0.130396
0.122547
0.0389926
0.220952
0.227779
0.133087
0.0973603
-0.0252752
-0.173797
-0.208749
-0.167885
-0.0795116
-0.00277073
-0.0481162
0.056794
0.134141
0.115912
-0.041173
0.0198163
0.176848
0.00131497
0.00275484
0.0444515
0.215902
0.0879306
-0.121754
-0.0401502
-0.0924909
0.100917
-0.0249878
0.0258462
0.0162357
-0.00835219
-0.156233
-0.0144083
-0.039487
0.108702
0.0477429
0.060412
-0.0854905
-0.0710221
-0.0528446
0.054613
0.00356576
-0.0226037
0.0768709
-0.034949
0.0202005
0.0585339
0.101674
0.0949114
0.0674304
0.0578715
0.0389441
0.0714307
0.026738
0.0560657
-0.021588
0.0178097
-0.0167007
0.063002
-0.00464605
0.0398511
0.0655136
0.0106366
-0.0428663
0.0181708
-0.00536435
0.083273
-0.014781
-0.0501512
-0.00751329
-0.104438
0.0330186
-0.0852618
0.0130153
0.0374008
0.0350154
0.051234
0.0318489
0.100684
-0.0460208
0.0590686
-0.103364
-0.086312
-0.0920807
0.0891492
-0.0596057
0.00214805
-0.0648907
-0.0446686
0.0303265
-0.0480329
-0.0481397
0.0670054
0.0881049
0.061039
-0.0347406
0.0294685
0.0258788
-0.0348652
-0.0603484
-0.125665
0.00604364
0.0640028
0.14379
0.130227
0.0926055
0.0680706
-0.106623
-0.051774
-0.0851116
0.0123857
-0.0199242
0.0559047
0.0823564
-0.0376984
-0.115888
0.0124043
0.166549
0.104612
-0.114183
-0.0307427
-0.062813
-0.0328572
-0.0377166
0.000329211
-0.140985
0.0268622
0.0927169
-0.0524822
0.0138619
-0.0711152
0.130482
0.0972364
-0.0933001
-0.103086
-0.0852022
-0.143514
-0.0688786
-0.0119925
0.0956929
-0.0801849
0.134726
0.183012
0.155318
0.0643372
0.0989212
0.142667
-0.0157687
-0.125289
-0.147054
-0.233158
-0.159955
-0.151974
-0.140693
-0.0162639
0.0812361
0.10678
0.210798
0.191715
0.093965
0.0512658
0.0469933
-0.00866403
-0.0177349
0.0193656
0.0215912
0.0349935
0.101821
0.0499457
-0.103569
0.026208
-0.0772534
0.0827417
0.037148
-0.0358608
-0.0549738
-0.0101398
0.0377561
-0.0503789
-0.0739497
0.0425828
0.0206344
0.0398916
-0.0890486
0.0793054
-0.0620488
-0.0591713
0.0485883
0.0596646
0.0957179
0.0450082
0.050234
-0.0636646
-0.0594411
-0.100173
0.0708482
0.054485
-0.0587774
-0.0166701
-0.0478989
0.036943
0.0701558
-0.0938991
0.025655
0.0279273
-0.0088294
-0.0815683
0.04705
-0.100787
-0.0182079
0.00797444
-0.0880735
-0.0880565
-0.0826196
-0.116475
-0.160819
-0.0299677
-0.0891851
-0.084863
-0.0635367
-0.0780192
-0.120523
-0.0696591
-0.107833
-0.126918
-0.00582231
0.00687537
-0.149873
-0.0621469
0.0704896
0.105188
-0.0303763
0.0696199
0.0832311
0.138578
0.0716982
-0.0628541
-0.127769
-0.0387006
-0.00100814
-0.114388
-0.000768229
-0.0870078
-0.0972055
-0.0329075
-0.199277
-0.110877
-0.0965349
0.0069907
0.00852757
-0.154621
-0.302932
-0.0546715
0.0285151
0.0783942
-0.154129
-0.0948551
-0.165987
0.0962499
-0.00733976
0.0183165
0.0388356
-0.00232832
0.0421041
-0.172896
-0.0367351
0.127899
0.0689101
-0.066443
-0.18069
-0.209071
0.0185341
-0.0279399
-0.199653
-0.167965
0.0459037
-0.0966976
-0.13179
-0.124541
-0.0881986
0.168596
-0.0717036
-0.0797227
0.0396826
0.0504506
0.0730521
-0.104478
0.0215225
-0.0271006
-0.0164271
-0.0553852
-0.112221
-0.125137
-0.00742753
0.11264
0.076337
-0.0873274
-0.0195279
0.120067
-0.00637083
-0.093015
-0.188133
0.028298
0.1548
0.0218351
-0.209407
-0.0951995
0.054581
0.13613
-0.0859409
-0.18781
0.00226138
-0.0115965
-0.00526931
0.00939734
0.0177939
-0.0734274
0.0471309
0.00531766
-0.032339
0.0183393
-0.0975621
0.0854273
0.053805
0.00166435
-0.0189794
-0.00768528
-0.0704945
0.0403758
-0.0972043
0.0402657
-0.0685736
-0.0520717
0.0933816
0.0508508
0.0668651
-0.0274015
-0.00538919
0.0341454
0.0558016
-0.0214364
-0.0135969
-0.0142715
0.0229555
0.160315
0.150946
0.0145816
-0.128586
0.00677226
-0.0238719
-0.0155172
-0.0398305
-0.0159835
-0.061179
-0.0653437
-0.051359
-0.0449317
-0.0026456
-0.194152
-0.0652474
-0.00720633
-0.0336345
0.021152
-0.012694
-0.107811
-0.00639099
0.00705423
0.057267
0.0155419
-0.12553
0.0464561
-0.083459
0.0270856
-0.0562654
0.000312864
0.0254507
0.060642
0.0936552
0.0735822
-0.0737946
0.0348576
-0.0779799
-0.101278
-0.0515749
0.0228588
-0.0244748
-0.00862351
0.0364751
-0.0652507
0.0202077
-0.0298379
0.0670407
-0.0160638
-0.0936105
0.0720709
-0.0754757
0.088573
0.0743788
0.0668742
-0.0997985
0.099205
-0.046879
0.0492882
-0.0837297
0.0687355
0.0589444
-0.101864
0.0621211
0.0220057
-0.100848
0.00985773
0.0176877
-0.0963171
-0.0357015
-0.0365036
-0.100406
0.115519
0.065389
0.109212
0.0168499
0.0249814
0.00786606
0.0518073
-0.00381304
-0.114235
-0.023681
0.0357085
0.0997005
-0.0218292
-0.0137984
-0.141452
0.105948
-0.0876682
-0.0182876
0.0580761
0.102784
-0.023029
0.0308896
0.0622138
-0.0912722
0.100464
0.019196
0.0964216
-0.035244
0.0759874
-0.0520776
-0.00569669
-0.0712629
0.0774474
0.0448628
-0.0961432
-0.0894102
0.060612
-0.0656181
-0.095818
-0.0547596
0.038153
-0.0641812
0.0316297
-0.0325045
-0.0473317
-0.0382249
-0.099699
0.100298
-0.0567485
0.0338778
-0.0582367
0.0895948
-0.091548
0.059793
-0.044183
0.0315929
-0.0241037
-0.0666037
0.050272
-0.0507221
0.00700401
-0.0993721
-0.0455026
-0.00340012
0.0908365
0.0976925
0.0181883
0.0805252
-0.0322361
0.0771403
-0.103077
-0.0643718
-0.0392789
-0.0572849
0.00210444
0.0664168
-0.058403
0.00913144
-0.064361
-0.0662072
0.0302196
0.0822298
-0.0010592
-0.0460661
-0.0753958
-0.0309644
-0.0660574
0.040364
-0.0872444
-0.0954311
-0.0291366
-0.0534718
-0.042444
0.0147641
-0.024201
-0.0460983
-0.0016532
0.00807856
0.127851
-0.0599419
0.0854336
0.0316725
0.0900167
0.0506986
-0.0684692
0.0565075
0.129335
-0.0199733
-0.0392727
-0.0608848
-0.0651012
-0.0262174
0.0354097
-0.115336
-0.056018
0.00107456
0.00552271
-0.033996
0.0279514
0.0493451
-0.108297
0.138904
0.0284679
0.00220267
-0.0365059
-0.0477955
-0.0481639
-0.0721911
-0.006011
0.0601948
-0.170278
-0.0438738
0.0219093
-0.0452722
0.0431019
0.13969
0.159871
0.0664705
-0.0028176
0.00843582
-0.0855164
-0.145612
-0.0123544
-0.0975143
-0.0566582
0.0900395
0.00454769
0.0388819
-0.0368877
-0.0576354
0.0691192
-0.0506917
0.00486361
0.04544
0.0657376
-0.0359404
0.083577
0.0647679
-0.0121427
-0.0848094
-0.0499953
-0.105378
-0.0110075
0.0274823
0.0578824
0.00578971
0.0763876
-0.0053554
0.0374889
0.0427997
0.0687395
-0.0836513
-0.0767163
-0.0826365
0.0596377
0.0614646
0.058514
-0.0250462
-0.0311141
-0.0752356
-0.053611
-0.084212
-0.0993617
-0.0791698
0.0425842
0.0445526
-0.0858954
0.0166229
0.0900488
0.0183089
0.0187241
0.103472
0.0159658
-0.0909454
-0.0475174
-0.0259298
-0.0508128
-0.0546338
0.0648478
0.10087
-0.0470729
-0.0764312
-0.0951169
0.0295943
0.0164579
0.0325145
0.00736851
-0.0311044
0.0876536
0.0792417
-0.0882496
-0.0686034
0.073517
-0.003462
0.0953747
-0.0843913
0.0204036
-0.0787382
-0.013863
-0.0792855
-0.0161283
-0.0741285
0.0323571
-0.0314108
0.00503388
0.0158777
0.00660689
0.0166579
0.0261063
-0.00859413
-0.0268931
-0.0964782
-0.0257408
0.0038282
0.0598865
-0.143784
-0.177001
-0.0187905
-0.0170361
-0.0106816
-0.100557
0.0752106
-0.00775539
-0.11727
0.00809663
0.156588
0.0148146
0.0283517
0.0197191
0.0491929
0.0948222
-0.0336848
-0.0097795
-0.0556804
-0.0326125
-0.00106032
0.108183
-0.0589659
-0.184695
0.133403
0.0782273
0.0494638
-0.109519
-0.0384289
0.146311
-0.0433178
-0.088237
-0.071325
0.0345691
-0.0374418
-0.0584604
0.00830917
-0.00408855
0.0138289
0.0094805
-0.0614879
-0.07387
0.031762
-0.082054
-0.0835342
0.0436341
-0.0656978
-0.08107
-0.0146774
0.17834
0.035203
0.00674479
0.0430017
0.0550052
-0.0163842
0.00574495
-0.00482973
-0.00201476
0.0176977
-0.171711
-0.164287
-0.124249
-0.00357801
-0.0175144
-0.0516027
-0.0210725
0.000819985
-0.0948971
-0.0974776
-0.00061713
-0.0306059
-0.0466242
-0.0407273
-0.147877
0.0380155
0.00791953
-0.0751427
0.0373619
-0.0766014
0.0231187
-0.0221216
-0.0846636
0.0498666
0.070674
-0.0429252
0.0146592
0.0912711
0.0905123
0.0805254
-0.0293097
-0.0371993
0.00837307
-0.0677692
0.0972025
-0.0704569
0.0459434
0.101478
-0.0708183
0.03008
0.0335512
0.0915711
-0.0892736
0.0580145
-0.0644945
-0.0119443
-0.000737887
-0.0769725
-0.000461849
-0.0332489
-0.0245985
-0.0391387
0.020298
-0.0401961
0.0169396
0.0522407
-0.102396
0.0592174
-0.0477608
-0.0558718
-0.0236837
-0.017652
-0.00795787
0.00492748
-0.0510658
0.00026107
0.0471112
0.0533821
-0.0141728
-0.053266
0.115166
-0.111627
-0.034832
-0.0447586
0.0181576
-0.0891407
-0.0167723
0.0199106
-0.00511893
0.0222447
-0.0674362
0.0160619
-0.00580177
-0.146445
0.0275793
0.096678
0.0303347
0.229453
0.213916
0.133931
0.0506176
0.0138116
0.0274368
-0.0044337
0.0877974
-0.0145565
-0.0940236
-0.127067
-0.0152593
0.0628041
0.00512595
-0.0805333
0.00276125
0.116241
-0.00491469
-0.0177768
0.0926509
0.022664
0.0652034
-0.00692498
0.00123346
0.171999
-0.0126943
0.0465068
0.0265442
-0.110316
-0.0120159
0.206172
0.190883
0.0148201
0.0611475
-0.000877796
-0.143327
-0.0898164
0.130164
0.0788456
