-0.00997636
0.081996
0.0741351
-0.0899957
-0.0139559
-0.0801919
0.0212354
-0.0188512
0.0433312
0.0597207
-0.0581819
0.00775281
0.0342048
0.0136832
-0.0543137
-0.00340225
-0.0419126
0.00631657
0.00978302
-0.0641782
-0.0127852
0.0169902
-0.0128458
-0.0157497
-0.0528728
-0.0358561
-0.0434616
0.0669697
0.000887491
-0.0650169
-0.0177501
0.0392403
0.0563301
-0.00332831
0.041839
0.00544081
-0.0759493
0.0655743
-0.0233068
0.0107993
-0.0115415
-0.0260648
-0.032318
0.0341653
-0.0516648
0.0564565
-0.0111679
0.00604855
0.051273
-0.0239748
0.0927876
-0.0500581
0.0214986
0.0122365
0.0525356
0.00414708
0.0237398
-0.00228552
-0.0195385
0.0185788
0.0884487
-0.011942
-0.0274172
0.0372804
-0.0829154
0.0120424
0.0380343
0.0229842
-0.10476
0.00710894
0.0732294
0.04496
0.0553667
0.0695432
0.0329079
-0.0606078
0.0245061
0.0127751
0.0147849
0.00588173
-0.0562191
-0.0996735
-0.0311626
0.0258839
0.0608874
-0.0467902
-0.0110087
0.124573
0.0346718
-0.0233014
-0.0723884
-0.0090032
-0.0339139
-0.0053915
0.00667655
-0.0665436
0.035596
-0.0364139
0.0135836
-0.0615153
0.00107659
0.0307223
-0.00196396
-0.0277267
-0.0271947
-0.00403156
0.0940112
0.0592736
-0.0110799
0.0622762
-0.00352628
0.0293805
-0.0342027
-0.0341858
0.027035
0.011872
0.0140113
0.0350067
-0.0252023
0.0427218
