-0.104751
-0.0581862
0.214347
0.0372578
-0.0996753
0.0284522
-0.0811907
0.184154
-0.103953
0.2019
-0.110016
0.149265
-0.0395856
-0.0745602
-0.200374
-0.022182
-0.158475
-0.267853
-0.028174
0.102527
-0.139355
-0.013668
0.100677
-0.132341
0.0754255
0.0172996
-0.160476
0.0503377
-0.1344
-0.166169
0.165916
0.107606
0.163586
0.0611026
-0.0194128
0.0308829
-0.104067
0.116714
0.0852727
0.187212
-0.138925
-0.0820302
-0.171285
-0.0473589
0.146188
-0.00207393
0.181126
0.0587202
0.0914007
-0.042294
0.0234473
0.12995
0.160644
0.0427278
-0.0362687
0.0859059
0.184595
-0.0310049
0.16836
0.15311
-0.039192
0.147035
-0.163864
-0.123767
-0.115283
0.140992
0.0894243
0.0277654
-0.154889
0.155555
-0.123215
-0.119316
-0.0864826
0.00230757
0.0594537
0.0831658
0.164414
0.0298625
0.114778
-0.0432706
-0.161603
0.152558
-0.0876625
-0.0531193
-0.014996
-0.0778985
-0.096125
0.0606971
0.169343
-0.153561
0.197059
0.0803431
-0.185981
-0.147189
0.0238104
-0.157707
-0.15167
0.0133796
-0.204007
-0.113278
0.141502
0.0779073
0.0136956
0.109762
0.167674
0.0721053
-0.153032
-0.110082
0.0757406
-0.00250737
-0.000166363
-0.182689
-0.070728
-0.053051
-0.0681781
-0.0601735
0.191023
-0.166766
-0.0623185
0.134491
-0.141132
-0.183037
0.191308
-0.0247595
0.0874147
-0.0831566
-0.0396942
-0.0160298
-0.0327358
-0.0417254
0.040166
-0.155759
0.0956271
-0.00999303
0.131985
-0.200874
0.17819
0.0165433
-0.0363524
0.0354704
0.190125
0.133683
-0.105865
-0.0130605
0.0345123
-0.0695459
0.155507
0.0213304
0.133622
-0.00647195
0.0258757
0.203761
-0.0504353
-0.0912463
0.154878
-0.062367
-0.110432
-0.0339534
-0.174929
-0.116921
0.147333
-0.159685
0.0310746
-0.111653
0.180264
0.0188316
-0.0902108
0.127037
0.158074
-0.0747514
0.103905
-0.0856609
-0.00272625
0.166951
0.0829144
-0.0801257
0.193328
-0.01054
-0.0210752
-0.189538
-0.0822651
-0.0983486
-0.14144
0.00421153
0.166461
0.161268
0.0584338
0.17681
-0.112313
-0.170514
0.177435
-0.111471
-0.0205487
0.174906
0.0804837
0.117921
0.00859414
0.0505028
-0.0922458
0.141577
0.238058
-0.207937
0.172942
0.185809
-0.00437563
-0.166081
0.225276
-0.219005
-0.236973
0.0752401
-0.200684
0.1798
0.283702
0.169388
0.214729
-0.240303
-0.0653257
0.015793
-0.264396
0.167148
-0.0681605
-0.11349
0.125704
-0.110728
-0.05726
-0.137943
-0.0841453
-0.131834
0.0869557
0.174011
0.163478
0.0270233
0.101683
0.0728366
-0.114894
0.218108
0.099567
0.194214
-0.135977
-0.0317218
-0.0320506
-0.160725
-0.0542539
0.173401
0.155845
-0.181668
-0.144019
0.12145
0.177083
0.0225553
0.0228499
0.00942291
-0.0134437
0.0270776
0.170865
0.0556103
-0.143185
0.110484
-0.0810909
0.178121
0.152688
0.101005
0.2094
-0.0665618
0.101735
0.0862163
-0.129608
-0.118944
-0.150537
0.199729
-0.0605483
0.219385
-0.0506787
0.0469689
0.0783282
0.0448295
-0.157625
-0.123378
-0.196151
-0.191395
0.141537
0.178647
-0.131502
0.112131
-0.138192
0.0271785
0.119328
7.13969e-05
-0.115306
-0.121184
-0.00573277
-0.127408
0.151248
0.169382
0.207005
-0.029437
-0.156771
-0.115491
0.148254
0.147637
-0.155246
-0.175841
0.0838868
0.160869
-0.111229
0.120878
0.189602
-0.147892
0.148921
-0.118083
-0.0828848
0.0398695
0.207071
-0.136647
0.0949955
-0.0792245
-0.177506
0.0344265
-0.145202
-0.0279212
0.108113
-0.200474
-0.137703
0.0130077
0.198669
-0.210137
0.188372
0.0686726
-0.158991
-0.121752
0.158006
0.0993096
-0.0330481
0.101948
-0.107738
-0.102668
0.0862948
0.012864
0.115706
-0.134149
-0.086758
-0.120494
-0.178688
-0.154568
0.0944679
-0.0501339
0.0842786
-0.168723
-0.00154409
-0.156087
0.121239
0.0291647
-0.0450006
0.0792336
-0.0464806
-0.0537934
0.192015
-0.130334
-0.168554
0.16391
0.130265
0.12176
0.07004
0.192279
0.203015
-0.209205
0.198018
-0.192849
0.120877
0.142384
0.143724
0.0539068
0.143583
-0.22979
-0.199889
-0.177083
0.157739
0.0225926
-0.0518765
-0.0657733
-0.246067
-0.0938859
-0.143069
0.199208
-0.202448
-0.0977097
0.0806685
0.119713
-0.107984
0.159552
-0.0535534
-0.0562453
-0.113327
0.0830205
0.18354
-0.148118
-0.141249
0.140902
0.0867368
-0.112486
-0.0446275
-0.139459
0.183759
0.125696
0.114108
-0.182562
-0.187403
-0.0057811
0.0748439
0.120059
-0.123131
-0.110552
-0.027895
0.07662
0.103071
0.149567
0.10552
0.113524
-0.0924694
0.0776784
0.113523
0.0547854
-0.14925
0.0955779
-0.149131
-0.137159
0.0624002
0.134846
0.14476
0.156574
-0.123246
-0.0119637
0.0547003
-0.0183864
-0.130108
-0.139527
-0.117245
-0.187953
-0.070957
0.149413
0.192716
0.0788416
-0.014798
0.193246
-0.135954
-0.21046
-0.165961
-0.00801357
-0.0135019
0.124813
-0.057693
0.0798067
0.117776
-0.110211
-0.0131049
0.0398173
0.0636592
0.156164
-0.117585
-0.145954
0.100273
0.0946665
-0.143354
0.118322
0.0952739
0.0365937
0.153994
0.01568
-0.174898
0.0912571
-0.00647924
0.195562
0.124909
-0.032587
-0.194144
-0.109246
0.0148831
-0.0759515
-0.0576801
0.0684435
-0.159949
-0.0594792
-0.0708335
0.0337852
-0.0156471
-0.151577
-0.0689589
-0.119055
-0.12872
0.136003
0.157963
0.00785948
-0.148377
0.189406
0.190624
0.126882
-0.148768
-0.0687165
-0.102377
-0.00389442
-0.134711
-0.0998188
-0.0348737
0.0123768
-0.110464
-0.205328
0.099108
-0.210322
-0.067563
-0.176943
0.231576
-0.251558
0.198774
-0.193913
0.0451387
-0.0255896
-0.20576
0.11705
0.101776
-0.0469859
0.124636
-0.156056
0.142236
0.13648
-0.0126892
0.206772
-0.198348
-0.120355
-0.14452
-0.164525
0.0530087
-0.0792418
0.0580382
-0.044648
-0.0269343
-0.120014
-0.140886
-0.111118
0.0469729
0.0312555
0.00914745
-0.146785
-0.126377
-0.17349
-0.0954054
0.153996
-0.0918068
0.0624097
-0.105291
0.0488188
-0.128047
-0.108417
0.138848
-0.0367078
-0.0050382
0.152835
-0.109198
-0.120906
0.0243696
0.0779295
-0.157938
-0.0728769
-0.123613
0.0259931
0.0191171
0.142315
0.0789512
0.00182809
-0.103075
-0.076926
-0.0752462
0.105777
0.0775818
-0.192677
0.00450034
0.063684
-0.109381
0.11971
0.114162
0.00179059
0.0279958
0.0935614
0.092632
0.175102
-0.142721
-0.0461749
-0.184229
-0.0710716
0.0342965
-0.0368397
-0.184877
0.00549144
-0.029457
-0.0955102
-0.114961
0.0233535
0.0587362
-0.136832
0.112991
-0.094357
-0.182623
-0.148849
-0.0402851
-0.180402
-0.219684
0.00918567
-0.183873
-0.127975
0.0301813
-0.177263
0.00184776
-0.135014
-0.115913
0.126712
0.123779
-0.150447
-0.00930457
0.152323
-0.0618061
0.100789
0.0833328
-0.00936818
-0.152786
0.181018
0.0125414
-0.115156
0.0927396
-0.111145
0.0376733
0.1563
-0.0105173
-0.0765126
-0.103418
-0.0460058
-0.000827924
0.205749
-0.132902
-0.00536267
-0.18864
-0.0501626
0.0671199
-0.0378466
0.228957
-0.0849522
0.174
0.144121
0.0697445
-0.0354026
0.163341
0.0797447
0.0428908
0.0292164
0.00684998
0.0237436
-0.115898
0.0333515
0.103051
-0.177287
0.104342
-0.112298
-0.115617
0.0501831
0.152548
-0.191753
-0.143528
0.0995543
0.196485
0.130606
-0.164996
-0.167057
0.0268868
0.201647
-0.134096
0.103226
-0.149022
0.0451281
0.0138603
-0.187784
0.00621573
-0.0658182
0.158494
-0.0743919
0.220038
0.212348
-0.033247
0.0221563
0.177134
0.194252
0.116386
0.0793839
-0.00522325
-0.14017
0.106195
0.177714
-0.150343
0.174443
-0.137928
-0.138205
-0.140192
0.0109631
-0.0278891
-0.122059
-0.130253
-0.21588
-0.0917849
-0.163057
0.0462507
0.0712655
-0.0457118
0.0354807
-0.136061
-0.12398
0.160553
-0.186149
-0.164439
0.150304
0.169357
0.00643265
-0.161937
0.100013
-0.155679
-0.169369
-0.0747565
0.155054
-0.0830831
-0.0988265
0.0128958
0.183467
-0.0783358
-0.196114
-0.114771
-0.0949377
-0.130238
-0.0576431
-0.184837
0.0443076
-0.172949
-0.090952
0.188138
-0.12157
-0.13757
-0.167431
0.0241816
0.0393244
0.123522
-0.0583374
0.146574
0.0818369
-0.0637493
-0.189211
0.0305889
-0.0736407
-0.162635
0.200492
0.112038
-0.143522
0.141914
0.0705411
-0.0200041
0.115529
0.13339
-0.0493823
-0.0122205
-0.0754192
-0.16537
0.0476233
0.114512
-0.17346
0.0235114
-0.0999274
0.113028
-0.129731
0.0964134
0.152862
0.00683372
-0.0142253
0.177633
-0.0233103
-0.068764
-0.140995
-0.127535
0.0819803
-0.163334
0.110471
0.038604
-0.00138716
-0.0124445
-0.0337401
-0.108338
0.142097
-0.120852
-0.0880356
0.222439
0.0897554
-0.0286595
0.112505
-0.0862228
-0.0339492
-0.0875518
-0.1615
-0.0200097
0.0815528
-0.0955665
0.180789
-0.19853
-0.0282226
0.105506
0.0942208
-0.0356682
0.19524
-0.0728423
0.160546
-0.00156001
0.205478
0.221317
0.211313
0.214118
0.212901
-0.0267106
0.166189
-0.203228
0.0513128
0.12722
-0.0362587
0.107517
0.0762376
0.202913
-0.191026
0.0919114
0.162819
-0.0559426
0.0324745
0.0617709
-0.00736149
-0.0256023
-0.154987
0.158845
-0.174858
-0.0420512
-0.0931215
0.0522738
-0.129115
0.0335711
-0.0427712
0.0085692
-0.124248
-0.0136861
-0.0814051
-0.15812
-0.0745445
0.163174
-0.174758
0.00841552
-0.11509
0.139399
0.193298
-0.0629998
-0.0180722
-0.0430378
-0.014981
-0.161489
0.186391
-0.013983
-0.0152798
0.135562
-0.0351776
-0.112972
0.141027
-0.0301292
0.115809
-0.156739
-0.119555
-0.113383
-0.268378
0.202216
-0.176767
0.00920115
0.0355493
-0.159526
-0.141861
-0.044645
-0.182548
-0.0293968
0.0781545
-0.166289
-0.170125
0.148496
0.0262585
-0.118166
0.112032
0.0206084
-0.107446
0.0565366
0.0466524
0.0212644
0.149506
-0.220063
-0.0460838
-0.063686
0.0743844
0.249741
0.0227235
-0.0353091
-0.0924201
-0.206006
0.215132
0.0284264
0.109603
0.0591664
0.205788
0.146444
0.0369358
0.0597464
-0.150074
0.0706826
-0.0138078
-0.110313
0.114633
-0.00979298
0.072816
-0.123176
-0.0677753
0.148717
-0.185789
0.205809
0.13205
-0.064973
-0.182403
0.125938
-0.176689
-0.111993
-0.154707
-0.0795792
-0.00248805
0.0571089
-0.0126374
-0.0419726
-0.05784
0.190612
-0.0419531
-0.190917
0.0642344
0.102752
-0.157324
0.015888
0.156836
0.0789674
-0.190234
0.0825028
0.172602
0.0611925
0.12232
0.135619
0.0510499
0.147327
-0.215842
0.0185245
-0.135457
0.206772
0.0985509
-0.175252
0.169715
0.112038
0.181099
-0.223512
0.0886857
0.088909
-0.0266599
-0.17894
-0.138588
0.00706551
-0.0718803
0.000795935
0.11902
-0.106603
-0.0276853
-0.116276
-0.139907
0.152816
0.0179728
-0.141512
-0.0729285
-0.173891
0.187655
0.0956158
0.130954
0.0219243
0.0313128
-0.0486668
-0.122806
0.0399723
0.0821066
0.0932129
0.145218
0.0469713
-0.00859112
0.033209
0.0748687
0.0427046
0.0833847
-0.102201
0.109221
-0.198526
0.177012
-0.14583
0.0458553
-0.0776317
-0.174678
0.106641
0.0999854
-0.12509
0.0168451
0.175342
-0.0321479
-0.143353
-0.180728
-0.0479168
0.121885
0.185854
-0.243899
0.0753214
-0.0518538
0.0657798
0.112659
0.171231
-0.166233
0.051027
-0.189434
0.00252067
0.10096
-0.100703
-0.0916088
0.108171
-0.111627
-0.0596688
0.142724
0.196646
0.178218
0.00393144
0.0830553
-0.115331
0.214872
0.0630758
-0.00928156
0.00278062
0.181399
-0.0448596
-0.0087813
0.0975884
-0.0669584
-0.154371
-0.171244
-0.0888899
-0.0495857
0.126576
0.201378
-0.0821365
-0.0391029
0.0385621
-0.0440942
-0.18006
0.029484
-0.218112
-0.203076
-0.222362
0.196579
-0.0706386
0.0108697
-0.117305
0.0307412
-0.0387894
-0.105928
-0.101219
-0.0911335
-0.00135502
-0.0840222
0.0786929
0.0209652
-0.0780367
-0.15106
0.157752
-0.108654
0.060957
0.0672293
-0.129147
0.0928741
-0.0912762
-0.174941
-0.0797987
0.153997
-0.032248
0.029692
-0.223802
-0.0801312
-0.108262
-0.157592
-0.0991096
-0.0754772
0.0522688
0.266986
0.0295396
-0.152333
0.127701
-0.00979719
-0.181179
-0.0379115
0.166586
-0.0362995
0.189979
-0.109121
-0.13675
-0.215873
-0.081458
-0.00783964
-0.138996
-0.0907879
-0.094615
-0.145972
0.149242
0.0955102
0.0515952
-0.140528
0.0104017
-0.00182957
0.0836276
0.114307
0.0644024
-0.031101
-0.0718734
0.111584
-0.156635
-0.00257634
0.0797265
0.0353351
0.141006
0.0102192
0.13183
0.216382
0.0281873
-0.0353278
-0.097358
0.143776
-0.0223754
-0.122705
0.0589933
-0.00630053
-0.0129037
-0.142632
0.117844
-0.165126
-0.175003
0.00829841
-0.0228137
0.0431809
0.121379
-0.0584075
-0.111904
-0.0482167
-0.0753819
0.035648
0.189247
-0.20613
-0.022152
-0.28711
0.0292011
0.0275967
0.18489
-0.220744
-0.276286
0.256893
0.124643
0.168322
0.133756
0.042121
-0.185877
-0.207298
-0.0516373
-0.0540058
-0.0593057
-0.0315667
0.00947733
0.174073
-0.0103894
0.169434
-0.170266
0.198331
0.163835
7.92048e-06
-0.160423
-0.143204
0.0955607
-0.160592
-0.180594
0.0118336
-0.0769677
-0.131326
-0.00351559
-0.0487831
0.0505929
-0.179613
